1            1            1            1                                                
----------------------------------------------------------------------------------------------------------------------
   2            2            2                                                2         
----------------------------------------------------------------------------------------------------------------------
      3            3                                                3            3      
----------------------------------------------------------------------------------------------------------------------
         4                                                4            4            4   
----------------------------------------------------------------------------------------------------------------------
                                                5            5            5            5
----------------------------------------------------------------------------------------------------------------------
                                    6            6            6            6            
----------------------------------------------------------------------------------------------------------------------
                        7            7            7            7                        
----------------------------------------------------------------------------------------------------------------------
            8            8            8            8                                    
----------------------------------------------------------------------------------------------------------------------
Weaving instructions:
1,2,3,4
2,3,4,5
3,4,5,7
4,5,6,7
5,6,7,8
6,7,8,1
7,8,1,2
8,1,2,3
